object={
	name="bird_duck_01"
	clamp_to_water_level=yes
	render_under_water=no
	generated_content=no
	layer="static"
	pdxmesh="bird_duck_01_mesh"
	count=2
	transform="1984.180054 0.000000 2481.718994 0.000000 0.000000 0.000000 1.000000 1.000000 1.000000 1.000000
6539.660645 0.000000 2432.584229 0.000000 0.000000 0.000000 1.000000 1.000000 1.000000 1.000000
"}
object={
	name="bird_eagle_01"
	clamp_to_water_level=yes
	render_under_water=no
	generated_content=no
	layer="static"
	pdxmesh="bird_eagle_01_mesh"
	count=0
}
object={
	name="bird_vulture_01"
	clamp_to_water_level=yes
	render_under_water=no
	generated_content=no
	layer="static"
	pdxmesh="bird_vulture_01_mesh"
	count=12
	transform="5604.462891 0.000000 2314.249512 0.000000 0.000000 0.000000 1.000000 1.000000 1.000000 1.000000
1518.299805 0.000000 2301.819580 0.000000 0.000000 0.000000 1.000000 1.000000 1.000000 1.000000
1515.658691 0.000000 2259.196533 0.000000 0.000000 0.000000 1.000000 1.000000 1.000000 1.000000
1477.058716 0.000000 2283.375488 0.000000 0.000000 0.000000 1.000000 1.000000 1.000000 1.000000
1441.688232 0.000000 2384.015625 0.000000 0.000000 0.000000 1.000000 1.000000 1.000000 1.000000
1425.277100 0.000000 2366.267822 0.000000 0.000000 0.000000 1.000000 1.000000 1.000000 1.000000
1412.499390 0.000000 2402.006836 0.000000 0.000000 0.000000 1.000000 1.000000 1.000000 1.000000
1581.325195 0.000000 2349.019775 0.000000 0.000000 0.000000 1.000000 1.000000 1.000000 1.000000
1598.141235 0.000000 2394.473145 0.000000 0.000000 0.000000 1.000000 1.000000 1.000000 1.000000
1649.144287 0.000000 2216.045898 0.000000 0.000000 0.000000 1.000000 1.000000 1.000000 1.000000
1558.562012 0.000000 2353.979980 0.000000 0.000000 0.000000 1.000000 1.000000 1.000000 1.000000
1566.684937 0.000000 2372.334473 0.000000 0.000000 0.000000 1.000000 1.000000 1.000000 1.000000
"}
object={
	name="canyon_01"
	clamp_to_water_level=no
	render_under_water=no
	generated_content=no
	layer="massive_environment"
	pdxmesh="cliff_canyon_01_mesh"
	count=1
	transform="1565.525635 0.000000 2366.195068 0.000000 0.033807 0.000000 0.999428 0.949302 0.949302 0.949302
"}
object={
	name="canyon_02"
	clamp_to_water_level=no
	render_under_water=no
	generated_content=no
	layer="massive_environment"
	pdxmesh="cliff_canyon_02_mesh"
	count=2
	transform="1560.096680 0.000000 2291.798828 0.000000 0.000000 0.000000 1.000000 1.000000 1.000000 1.000000
1521.079956 0.000000 2319.159424 0.000000 0.995170 0.000000 -0.098171 1.000000 1.000000 1.000000
"}
object={
	name="canyon_03"
	clamp_to_water_level=no
	render_under_water=no
	generated_content=no
	layer="massive_environment"
	pdxmesh="cliff_canyon_03_mesh"
	count=4
	transform="6528.916504 0.000000 2637.937500 0.000000 -0.891970 0.000000 0.452094 0.614453 0.614453 0.614453
4919.978027 0.000000 2204.938477 0.000000 0.797847 0.000000 -0.602860 1.000000 1.000000 1.000000
1505.540771 0.000000 2321.469971 0.000000 0.000000 0.000000 1.000000 1.000000 1.000000 1.000000
1564.202271 0.000000 2355.373535 0.000000 -0.337695 0.000000 0.941256 0.724829 0.724829 0.724829
"}
object={
	name="canyon_04"
	clamp_to_water_level=no
	render_under_water=no
	generated_content=no
	layer="massive_environment"
	pdxmesh="cliff_canyon_04_mesh"
	count=1
	transform="1531.634155 0.000000 2312.290283 0.000000 -0.792721 0.000000 -0.609585 0.700942 0.700942 0.700942
"}
object={
	name="canyon_05"
	clamp_to_water_level=no
	render_under_water=no
	generated_content=no
	layer="massive_environment"
	pdxmesh="cliff_canyon_05_mesh"
	count=4
	transform="4923.804688 0.000000 2193.373535 0.000000 -0.999798 0.000000 0.020075 0.949683 0.949683 0.949683
1606.943481 0.000000 2404.625244 0.000000 0.943962 0.000000 0.330054 0.735400 0.735400 0.735400
1590.244751 0.000000 2399.886230 0.000000 0.396639 0.000000 0.917975 0.735400 0.735400 0.735400
1494.897339 0.000000 2293.719238 0.000000 -0.992615 0.000000 0.121309 0.803735 0.803735 0.803735
"}
object={
	name="canyon_06"
	clamp_to_water_level=no
	render_under_water=no
	generated_content=no
	layer="massive_environment"
	pdxmesh="cliff_canyon_06_mesh"
	count=6
	transform="6511.954590 0.000000 2634.436035 0.000000 -0.943171 0.000000 -0.332308 0.644088 0.644088 0.644088
4930.643066 0.000000 2190.901611 0.000000 0.824736 0.000000 -0.565518 1.000000 1.000000 1.000000
4921.514160 0.000000 2201.507324 0.000000 -0.818183 0.000000 -0.574958 1.000000 1.000000 1.000000
4916.357910 0.000000 2189.367676 0.000000 -0.934669 0.000000 -0.355519 0.761499 0.761499 0.761499
4924.834961 0.000000 2193.020752 0.000000 -0.921169 0.000000 -0.389164 1.000000 1.000000 1.000000
1447.589722 0.000000 2363.828857 0.000000 0.000000 0.000000 1.000000 1.000000 1.000000 1.000000
"}
object={
	name="canyon_07"
	clamp_to_water_level=no
	render_under_water=no
	generated_content=no
	layer="massive_environment"
	pdxmesh="cliff_canyon_07_mesh"
	count=10
	transform="4918.352539 0.000000 2123.483154 0.000000 -0.706806 0.000000 0.707407 1.000000 1.000000 1.000000
6567.473145 0.000000 2580.628662 0.000000 -0.453451 0.000000 -0.891281 1.000000 1.000000 1.000000
6513.225098 0.000000 2635.076172 0.000000 -0.960334 0.000000 -0.278851 0.643669 0.643669 0.643669
4935.645020 0.000000 2182.288086 0.000000 -0.881587 0.000000 -0.472021 0.699351 0.699351 0.699351
4931.200195 0.000000 2189.681152 0.000000 -0.971988 0.000000 -0.235029 1.000000 1.000000 1.000000
4931.493652 0.000000 2195.827881 0.000000 0.992873 0.000000 0.119175 0.760010 0.760010 0.760010
6523.660156 0.000000 2578.864014 0.000000 0.985523 0.000000 0.169539 0.816069 0.816069 0.816069
1563.390747 0.000000 2353.161621 0.000000 0.754878 0.000000 0.655865 0.825462 0.825462 0.825462
1566.190430 0.000000 2367.357666 0.000000 0.939029 0.000000 -0.343839 0.808341 0.808341 0.808341
1583.976440 0.000000 2342.019043 0.000000 0.000000 0.000000 1.000000 0.939429 0.939429 0.939429
"}
object={
	name="canyon_08"
	clamp_to_water_level=no
	render_under_water=no
	generated_content=no
	layer="massive_environment"
	pdxmesh="cliff_canyon_08_mesh"
	count=9
	transform="4912.495605 0.000000 2276.712646 0.000000 0.099566 0.000000 0.995031 0.910816 0.910816 0.910816
4028.727783 0.000000 2483.324463 0.000000 -0.991250 0.000000 -0.132003 0.899339 0.899339 0.899339
4032.578125 0.000000 2483.194336 0.000000 0.338752 0.000000 -0.940876 1.000000 1.000000 1.000000
4929.062012 0.000000 2188.973389 0.000000 -0.988739 0.000000 -0.149648 1.000000 1.000000 1.000000
4917.645508 0.000000 2189.945557 0.000000 -0.810960 0.000000 -0.585101 1.000000 1.000000 1.000000
1445.232178 0.000000 2363.580078 0.000000 0.000000 0.000000 1.000000 1.000000 1.000000 1.000000
1586.579590 0.000000 2402.104004 0.000000 0.263087 0.000000 0.964772 1.000000 1.000000 1.000000
1587.558105 0.000000 2343.480713 0.000000 -0.954917 0.000000 0.296874 1.000000 1.000000 1.000000
1568.224365 0.000000 2357.594482 0.000000 0.251719 0.000000 0.967800 1.118716 1.118716 1.118716
"}
object={
	name="canyon_09"
	clamp_to_water_level=no
	render_under_water=no
	generated_content=no
	layer="massive_environment"
	pdxmesh="cliff_canyon_09_mesh"
	count=2
	transform="4030.850586 0.000000 2485.672119 0.000000 -0.904840 0.000000 -0.425752 0.448685 0.448685 0.448685
4930.404297 0.000000 2183.838379 0.000000 -0.285188 0.000000 0.958472 0.517505 0.517505 0.517505
"}
object={
	name="canyon_10"
	clamp_to_water_level=no
	render_under_water=no
	generated_content=no
	layer="massive_environment"
	pdxmesh="cliff_canyon_10_mesh"
	count=14
	transform="4918.766602 0.000000 2121.364258 0.000000 -0.114546 0.000000 -0.993418 0.779318 0.779318 0.779318
4914.269531 0.000000 2267.827148 0.000000 0.110717 0.000000 0.993852 0.584253 0.584253 0.584253
4910.599121 0.000000 2274.094482 0.000000 -0.924138 0.000000 0.382060 0.555991 0.555991 0.555991
4033.532471 0.000000 2483.763428 0.000000 -0.054194 0.000000 -0.998530 0.502905 0.502905 0.502905
4032.454834 0.000000 2488.380615 0.000000 -0.464088 0.000000 0.885789 0.502905 0.502905 0.502905
6517.994141 0.000000 2641.331055 0.000000 -0.951473 0.000000 -0.307733 0.610983 0.610983 0.610983
6511.293457 0.000000 2633.994629 0.000000 -0.273559 0.000000 -0.961855 0.574834 0.574834 0.574834
6513.603516 0.000000 2635.626221 0.000000 -0.999837 0.000000 -0.018070 0.574834 0.574834 0.574834
4932.922852 0.000000 2191.345215 0.000000 -0.990981 0.000000 -0.134000 1.000000 1.000000 1.000000
4921.300781 0.000000 2204.625000 0.000000 -0.525995 0.000000 -0.850487 0.688061 0.688061 0.688061
1499.497192 0.000000 2310.613770 0.000000 0.000000 0.000000 1.000000 1.000000 1.000000 1.000000
1607.717407 0.000000 2400.586914 0.000000 0.126400 0.000000 0.991979 0.583838 0.583838 0.583838
1553.920166 0.000000 2349.304688 0.000000 0.266824 0.000000 0.963745 0.872240 0.872240 0.872240
1567.243286 0.000000 2349.810547 0.000000 0.560687 0.000000 0.828028 1.000000 1.000000 1.000000
"}
object={
	name="canyon_11"
	clamp_to_water_level=no
	render_under_water=no
	generated_content=no
	layer="massive_environment"
	pdxmesh="cliff_canyon_11_mesh"
	count=9
	transform="3897.355225 0.000000 2460.312256 0.000000 -0.312400 0.000000 0.949951 0.446612 0.446612 0.446612
3906.045654 0.000000 2469.429932 0.000000 0.196348 0.000000 0.980535 0.255829 0.255829 0.255829
3906.431885 0.000000 2471.106201 0.000000 0.946689 0.000000 0.322149 0.365814 0.365814 0.365814
6523.533691 0.000000 2628.478760 0.000000 -0.964939 0.000000 -0.262475 0.798250 0.798250 0.798250
6490.064941 0.000000 2640.582764 0.000000 -0.872989 0.000000 0.487740 0.798250 0.798250 0.798250
6516.909668 0.000000 2639.769043 0.000000 -0.857373 0.000000 -0.514697 0.478900 0.478900 0.478900
6510.437500 0.000000 2633.260742 0.000000 -0.448501 0.000000 0.893782 0.527979 0.527979 0.527979
4931.672363 0.000000 2218.148193 0.000000 0.235499 0.000000 0.971874 0.807202 0.807202 0.807202
1544.360474 0.000000 2298.635498 0.000000 -0.934341 0.000000 0.356380 1.000000 1.000000 1.000000
"}
object={
	name="canyon_12"
	clamp_to_water_level=no
	render_under_water=no
	generated_content=no
	layer="massive_environment"
	pdxmesh="cliff_canyon_12_mesh"
	count=6
	transform="6568.887695 0.000000 2578.392334 0.000000 -0.503812 0.000000 -0.863813 0.584976 0.584976 0.584976
4932.267578 0.000000 2180.709961 0.000000 -0.999727 0.000000 -0.023379 0.537848 0.537848 0.537848
1485.302002 0.000000 2370.985596 0.000000 -0.307482 0.000000 0.951554 0.731104 0.731104 0.731104
1559.848145 0.000000 2349.944336 0.000000 0.964347 0.000000 0.264642 0.682682 0.682682 0.682682
1560.905640 0.000000 2348.500488 0.000000 0.964347 0.000000 0.264642 0.682682 0.682682 0.682682
1583.125610 0.000000 2351.167236 0.000000 0.978210 0.000000 -0.207620 1.020386 1.020386 1.020386
"}
object={
	name="canyon_13"
	clamp_to_water_level=no
	render_under_water=no
	generated_content=no
	layer="massive_environment"
	pdxmesh="cliff_canyon_13_mesh"
	count=15
	transform="6574.333008 0.000000 2597.258545 0.000000 -0.379911 0.000000 -0.925023 1.017572 1.017572 1.017572
6603.707031 0.000000 2591.941162 0.000000 -0.988668 0.000000 0.150122 1.000000 1.000000 1.000000
6566.460938 0.000000 2543.052246 0.000000 -0.999453 0.000000 -0.033079 0.619873 0.619873 0.619873
6555.645996 0.000000 2579.791016 0.000000 0.000000 0.000000 1.000000 0.769580 0.769580 0.769580
6509.502930 0.000000 2638.279541 0.000000 -0.472439 0.000000 -0.881363 0.707178 0.707178 0.707178
4970.710938 0.000000 2173.416016 0.000000 -0.618434 0.000000 0.785837 1.000000 1.000000 1.000000
1559.089600 0.000000 2348.386230 0.000000 0.996487 0.000000 0.083744 0.792041 0.792041 0.792041
1555.365723 0.000000 2348.079102 0.000000 0.000000 0.000000 1.000000 0.792041 0.792041 0.792041
1563.360962 0.000000 2357.884521 0.000000 -0.281630 0.000000 0.959523 0.641308 0.641308 0.641308
1559.484985 0.000000 2362.750977 0.000000 -0.205929 0.000000 0.978567 0.708643 0.708643 0.708643
1557.798828 0.000000 2374.460449 0.000000 0.002319 0.000000 0.999997 0.583834 0.583834 0.583834
1559.010742 0.000000 2378.546143 0.000000 0.000000 0.000000 1.000000 0.881323 0.881323 0.881323
1554.289429 0.000000 2364.684326 0.000000 0.000000 0.000000 1.000000 0.714736 0.714736 0.714736
1557.903442 0.000000 2358.604492 0.000000 0.000000 0.000000 1.000000 0.866064 0.866064 0.866064
7404.215820 0.000000 832.976685 0.000000 -0.311791 0.000000 0.950151 1.308777 1.308777 1.308777
"}
object={
	name="canyon_14"
	clamp_to_water_level=no
	render_under_water=yes
	generated_content=no
	layer="massive_environment"
	pdxmesh="cliff_canyon_14_mesh"
	count=21
	transform="6529.933594 0.000000 2634.739990 0.000000 -0.911020 0.000000 0.412361 0.596045 0.596045 0.596045
6514.386230 0.000000 2624.627197 0.000000 -0.911020 0.000000 0.412361 0.596045 0.596045 0.596045
4933.076172 0.000000 2196.742676 0.000000 0.880759 0.000000 -0.473565 1.000000 1.000000 1.000000
4949.408203 0.000000 2184.019287 0.000000 -0.963177 0.000000 -0.268872 0.704663 0.704663 0.704663
4956.842773 0.000000 2175.520020 0.000000 0.737620 0.000000 -0.675217 0.569256 0.569256 0.569256
4940.559570 0.000000 2187.689453 0.000000 -0.883143 0.000000 0.469105 1.000000 1.000000 1.000000
5033.414551 0.000000 2028.612061 0.000000 -0.999893 0.000000 0.014643 0.830481 0.830481 0.830481
1598.543335 0.000000 2405.024170 0.000000 0.000000 0.000000 1.000000 0.759692 0.759692 0.759692
1559.347046 0.000000 2357.197510 0.000000 -0.914754 0.000000 -0.404012 0.684757 0.684757 0.684757
1555.746460 0.000000 2355.513184 0.000000 -0.914754 0.000000 -0.404012 0.777417 0.777417 0.777417
1553.702026 0.000000 2356.474854 0.000000 -0.260996 0.000000 0.965340 0.777417 0.777417 0.777417
1561.314575 0.000000 2360.711670 0.000000 0.000000 0.000000 1.000000 0.777417 0.777417 0.777417
1570.861084 0.000000 2356.198730 0.000000 0.961821 0.000000 0.273680 0.598193 0.598193 0.598193
1572.522583 0.000000 2355.408447 0.000000 0.479961 0.000000 0.877290 0.561398 0.561398 0.561398
1569.449951 0.000000 2370.444580 0.000000 0.699984 0.000000 0.714158 0.763428 0.763428 0.763428
1571.005981 0.000000 2368.871582 0.000000 0.699984 0.000000 0.714158 0.763428 0.763428 0.763428
1572.928955 0.000000 2367.504395 0.000000 0.000000 0.000000 1.000000 0.763428 0.763428 0.763428
1571.494141 0.000000 2361.366211 0.000000 0.000000 0.000000 1.000000 1.000000 1.000000 1.000000
1581.609497 0.000000 2345.476074 0.000000 -0.070270 0.000000 0.997528 0.766138 0.766138 0.766138
7382.407227 0.000000 750.342773 0.000000 0.000000 0.000000 1.000000 1.781653 1.781653 1.781653
7374.598633 0.000000 841.876648 0.000000 0.000000 0.000000 1.000000 1.172839 1.172839 1.172839
"}
object={
	name="canyon_15"
	clamp_to_water_level=no
	render_under_water=no
	generated_content=no
	layer="massive_environment"
	pdxmesh="cliff_canyon_15_mesh"
	count=18
	transform="3896.093506 0.000000 2398.635742 0.000000 0.772843 0.000000 -0.634597 0.358883 0.358883 0.358883
3894.254883 0.000000 2397.356934 0.000000 -0.691440 0.000000 -0.722434 0.479870 0.479870 0.479870
3916.420654 0.000000 2395.532959 0.000000 -0.691440 0.000000 -0.722434 0.370069 0.370069 0.370069
6554.062500 0.000000 2580.518311 0.000000 -0.957462 0.000000 0.288558 0.412413 0.412413 0.412413
6568.946289 0.000000 2575.471924 0.000000 0.139074 0.000000 0.990282 0.689038 0.689038 0.689038
4916.913574 0.000000 2232.774902 0.000000 0.851150 0.000000 0.524924 0.642485 0.642485 0.642485
4927.756836 0.000000 2223.769775 0.000000 -0.202047 0.000000 0.979376 0.698746 0.698746 0.698746
4913.630859 0.000000 2189.414795 0.000000 0.767745 0.000000 -0.640756 0.698746 0.698746 0.698746
4927.590820 0.000000 2236.639893 0.000000 0.951722 0.000000 -0.306961 0.633671 0.633671 0.633671
4934.329590 0.000000 2184.063477 0.000000 -0.839719 0.000000 0.543022 0.847266 0.847266 0.847266
4915.421875 0.000000 2190.349121 0.000000 -0.663795 -0.000000 -0.747914 0.847266 0.847266 0.847266
4938.502441 0.000000 2187.650879 0.000000 0.953772 0.000000 0.300532 0.748511 0.748511 0.748511
4928.131348 0.000000 2182.269775 0.000000 -0.124848 0.000000 -0.992176 0.748511 0.748511 0.748511
4988.329102 0.000000 2011.162231 0.000000 -0.770041 0.000000 0.637994 0.812610 0.812610 0.812610
5005.454590 0.000000 2027.356934 0.000000 -0.770041 0.000000 0.637994 0.812610 0.812610 0.812610
5036.509766 0.000000 1982.815308 0.000000 -0.960456 0.000000 0.278432 1.000000 1.000000 1.000000
5704.864258 0.000000 2511.073242 0.000000 0.000000 0.000000 1.000000 1.000000 1.000000 1.000000
7418.155762 0.000000 761.223938 0.000000 0.000000 0.000000 1.000000 1.930988 1.930988 1.930988
"}
object={
	name="canyon_16"
	clamp_to_water_level=no
	render_under_water=yes
	generated_content=no
	layer="massive_environment"
	pdxmesh="cliff_canyon_16_mesh"
	count=16
	transform="3905.279785 0.000000 2470.911133 0.000000 0.582719 0.000000 0.812674 0.483347 0.483347 0.483347
3917.607910 0.000000 2395.986084 0.000000 -0.676862 0.000000 -0.736110 0.561153 0.561153 0.561153
3896.146484 0.000000 2397.556396 0.000000 0.741279 0.000000 0.671197 0.474889 0.474889 0.474889
3894.934082 0.000000 2400.395264 0.000000 0.801530 0.000000 -0.597955 0.361786 0.361786 0.361786
3894.218750 0.000000 2398.811035 0.000000 -0.697981 0.000000 -0.716116 0.361786 0.361786 0.361786
6550.804688 0.000000 2639.041260 0.000000 -0.983877 0.000000 -0.178847 1.000000 1.000000 1.000000
4934.935059 0.000000 2224.741699 0.000000 -0.551498 0.000000 -0.834177 1.074170 1.074170 1.074170
4991.253418 0.000000 1998.063965 0.000000 -0.856779 0.000000 0.515683 1.000000 1.000000 1.000000
1603.521240 0.000000 2400.922852 0.000000 -0.644869 0.000000 0.764293 0.654810 0.654810 0.654810
1565.216309 0.000000 2363.189697 0.000000 0.561015 0.000000 0.827806 1.000000 1.000000 1.000000
1566.643311 0.000000 2360.492432 0.000000 0.000000 0.000000 1.000000 1.000000 1.000000 1.000000
1565.749268 0.000000 2369.344238 0.000000 0.174216 0.000000 0.984707 0.738232 0.738232 0.738232
1563.463867 0.000000 2370.982178 0.000000 0.174216 0.000000 0.984707 0.738232 0.738232 0.738232
7308.743164 0.000000 766.734802 0.000000 0.023923 0.000000 0.999714 1.514752 1.514752 1.514752
7299.798340 0.000000 703.799561 0.000000 -0.764247 0.000000 0.644924 1.375397 1.375397 1.375397
7379.642090 0.000000 724.816589 0.000000 -0.981552 0.000000 0.191194 1.149297 1.149297 1.149297
"}
object={
	name="flag_01"
	clamp_to_water_level=yes
	render_under_water=no
	generated_content=no
	layer="static"
	pdxmesh="flag_01_mesh"
	count=0
}
object={
	name="horse_cart_01"
	clamp_to_water_level=yes
	render_under_water=no
	generated_content=no
	layer="static"
	pdxmesh="horse_cart_01_mesh"
	count=0
}
object={
	name="rockformation_granite_03"
	clamp_to_water_level=no
	render_under_water=yes
	generated_content=no
	layer="massive_environment"
	pdxmesh="rockformation_06_mesh"
	count=10
	transform="4224.736328 0.000000 3038.549072 0.000000 -0.689851 0.000000 -0.723952 1.000000 1.000000 1.000000
4206.469238 0.000000 3104.968262 0.000000 -0.996931 0.000000 0.078285 1.000000 1.000000 1.000000
4255.952637 0.000000 3163.492188 0.000000 -0.857125 0.000000 0.515108 0.902051 0.902051 0.902051
2539.218262 0.000000 2805.076904 0.000000 0.859677 0.000000 0.510838 1.000000 1.000000 1.000000
4030.899414 0.000000 2951.117676 0.000000 0.000000 0.000000 1.000000 0.824878 0.824878 0.824878
4021.611572 0.000000 3039.846924 0.000000 -0.436534 -0.000000 -0.899688 1.000000 1.000000 1.000000
4539.462402 0.000000 691.412598 0.000000 0.000000 0.000000 1.000000 1.078021 1.078021 1.078021
4515.153809 0.000000 703.061035 0.000000 0.791058 0.000000 0.611741 1.000000 1.000000 1.000000
4516.386719 0.000000 699.082581 0.000000 -0.495148 0.000000 0.868808 1.000000 1.000000 1.000000
4515.417480 0.000000 700.491943 0.000000 -0.968898 0.000000 0.247459 1.000000 1.000000 1.000000
"}
object={
	name="rockformation_granite_04"
	clamp_to_water_level=no
	render_under_water=yes
	generated_content=no
	layer="massive_environment"
	pdxmesh="rockformation_07_mesh"
	count=20
	transform="3982.658203 0.000000 2901.216553 0.000000 0.421929 0.000000 0.906628 1.201538 1.201538 1.201538
4216.524414 0.000000 3082.766113 0.000000 0.817219 0.000000 -0.576327 1.296240 1.296240 1.296240
4226.314453 0.000000 3052.854492 0.000000 -0.992744 0.000000 0.120248 1.000000 1.000000 1.000000
4217.551758 0.000000 3090.243164 0.000000 -0.882225 0.000000 0.470829 1.000000 1.000000 1.000000
4229.954102 0.000000 3155.899414 0.000000 0.748680 0.000000 0.662931 1.000000 1.000000 1.000000
4280.119141 0.000000 3193.152100 0.000000 -0.988520 0.000000 0.151087 1.000000 1.000000 1.000000
4293.375000 0.000000 3196.851318 0.000000 -0.856775 0.000000 -0.515691 1.000000 1.000000 1.000000
4346.794922 0.000000 3207.144287 0.000000 -0.274087 0.000000 -0.961705 1.184204 1.184204 1.184204
2528.454346 0.000000 2801.521973 0.000000 -0.425878 0.000000 -0.904781 1.341797 1.341797 1.341797
2539.032715 0.000000 2797.874023 0.000000 -0.847286 0.000000 -0.531136 1.341797 1.341797 1.341797
2540.628418 0.000000 2804.284912 0.000000 -0.847286 0.000000 -0.531136 1.341797 1.341797 1.341797
2534.748291 0.000000 2809.708740 0.000000 0.741250 0.000000 0.671229 1.000000 1.000000 1.000000
2390.648926 0.000000 2951.303955 0.000000 0.754037 0.000000 0.656832 1.176183 1.176183 1.176183
2653.771484 0.000000 2889.469238 0.000000 -0.811300 0.000000 -0.584631 1.000000 1.000000 1.000000
3957.288330 0.000000 2914.750488 0.000000 -0.999840 0.000000 0.017878 1.400757 1.400757 1.400757
4013.868896 0.000000 2950.860107 0.000000 0.519395 0.000000 0.854534 0.827467 0.827467 0.827467
3945.388672 0.000000 3008.493896 0.000000 0.954143 0.000000 0.299350 1.239819 1.239819 1.239819
2289.727051 -0.104980 2293.545654 0.000000 0.278114 0.000000 0.960548 1.039724 1.039724 1.039724
2317.832275 0.000000 2314.173584 0.000000 0.830674 0.000000 0.556760 1.151123 1.151123 1.151123
2356.856201 0.000000 2339.384766 0.000000 0.173886 0.000000 0.984766 1.000000 1.000000 1.000000
"}
object={
	name="rockformation_granite_05"
	clamp_to_water_level=no
	render_under_water=yes
	generated_content=no
	layer="massive_environment"
	pdxmesh="rockformation_08_mesh"
	count=20
	transform="4221.714355 0.000000 3043.199219 0.000000 -0.110674 0.000000 0.993857 1.607031 1.607031 1.607031
4215.726074 0.181885 3084.443604 0.000000 0.617570 0.000000 0.786516 1.000000 1.000000 1.000000
4207.930664 0.000000 3104.079590 0.000000 -0.974771 0.000000 -0.223206 1.394531 1.394531 1.394531
4213.957520 0.000000 3147.551270 0.000000 -0.106478 -0.000000 -0.994315 1.036173 1.036173 1.036173
4212.672852 0.000000 3148.306885 0.000000 -0.930710 0.000000 0.365757 1.413025 1.413025 1.413025
4257.049805 0.000000 3170.016357 0.000000 -0.999996 0.000000 0.002681 1.588353 1.588353 1.588353
4280.543945 0.000000 3192.483398 0.000000 0.148436 0.000000 0.988922 1.602417 1.602417 1.602417
4294.874512 0.000000 3197.311523 0.000000 -0.108368 0.000000 0.994111 1.552180 1.552180 1.552180
3948.553467 0.000000 2910.937988 0.000000 -0.996442 0.000000 -0.084285 1.537622 1.537622 1.537622
4019.415039 0.000000 2950.588867 0.000000 -0.440108 0.000000 0.897945 1.774146 1.774146 1.774146
4040.145508 0.000000 2932.691895 0.000000 -0.001434 0.000000 0.999999 1.158130 1.158130 1.158130
2288.605713 0.000000 2292.768555 0.000000 -0.138953 0.000000 0.990299 1.492822 1.492822 1.492822
2263.100342 0.000000 2276.640869 0.000000 0.933769 0.000000 0.357877 1.333032 1.333032 1.333032
2359.265625 0.000000 2404.839111 0.000000 -0.881318 0.000000 0.472524 1.522974 1.522974 1.522974
2356.219238 0.000000 2395.427734 0.000000 -0.470644 0.000000 0.882323 1.522974 1.522974 1.522974
5410.526367 0.000000 2772.937988 0.000000 -0.838357 0.000000 0.545121 1.000000 1.000000 1.000000
7642.309082 0.000000 2780.647461 0.000000 -0.370472 0.000000 0.928844 1.000000 1.000000 1.000000
7640.670898 0.000000 2782.091553 0.000000 -0.990325 0.000000 0.138767 1.000000 1.000000 1.000000
7660.017578 0.000000 2777.508301 0.000000 -0.763893 0.000000 0.645343 1.000000 1.000000 1.000000
7667.201660 0.000000 2785.794189 0.000000 -0.763893 0.000000 0.645343 1.000000 1.000000 1.000000
"}
object={
	name="rockformation_granite_06"
	clamp_to_water_level=no
	render_under_water=yes
	generated_content=no
	layer="massive_environment"
	pdxmesh="rockformation_09_mesh"
	count=24
	transform="4224.914062 0.000000 3079.756104 0.000000 -0.373135 0.000000 0.927777 1.000000 1.000000 1.000000
4215.885742 0.000000 3097.250244 0.000000 0.105222 -0.000000 -0.994449 1.000000 1.000000 1.000000
4242.475586 0.000000 3157.447021 0.000000 -0.940092 0.000000 0.340921 0.834692 0.834692 0.834692
4224.282227 0.000000 3151.296875 0.000000 0.486480 0.000000 0.873692 1.000000 1.000000 1.000000
4273.193359 0.000000 3182.454102 0.000000 -0.284469 0.000000 0.958685 1.000000 1.000000 1.000000
4258.117188 0.000000 3170.260986 0.000000 -0.190839 0.000000 0.981621 0.735718 0.735718 0.735718
4298.520020 0.000000 3198.053955 0.000000 -0.987921 0.000000 -0.154956 0.760547 0.760547 0.760547
4351.649902 0.000000 3216.310547 0.000000 -0.265162 0.000000 0.964204 1.356982 1.356982 1.356982
2542.052002 0.000000 2806.153320 0.000000 0.831098 0.000000 0.556126 1.000000 1.000000 1.000000
2530.366699 0.000000 2808.141602 0.000000 0.002411 0.000000 0.999997 1.322607 1.322607 1.322607
2532.371582 0.000000 2808.792236 0.000000 -0.184454 0.000000 0.982841 1.322607 1.322607 1.322607
2626.665283 0.000000 2884.677490 0.000000 -0.922367 0.000000 0.386314 1.432837 1.432837 1.432837
2604.478516 0.000000 2881.828613 0.000000 0.747865 0.000000 -0.663851 1.375269 1.375269 1.375269
3948.686768 0.000000 2916.017334 0.000000 -0.298685 0.000000 0.954352 1.081472 1.081472 1.081472
4033.750488 0.000000 2979.824951 0.000000 -0.054538 0.000000 0.998512 1.246606 1.246606 1.246606
3993.283936 0.000000 2912.926025 0.000000 0.014190 0.000000 0.999899 0.894043 0.894043 0.894043
3979.123291 0.000000 2952.893799 0.000000 -0.661951 0.000000 0.749547 1.000000 1.000000 1.000000
3955.359619 0.000000 2986.316650 0.000000 0.136082 0.000000 0.990698 1.418701 1.418701 1.418701
4022.813232 0.000000 3039.694336 0.000000 -0.994141 0.000000 0.108091 0.844671 0.844671 0.844671
2361.465088 0.000000 2343.423096 0.000000 -0.401074 0.000000 0.916046 0.786304 0.786304 0.786304
2362.710449 0.000000 2342.650879 0.000000 0.000000 0.000000 1.000000 1.000000 1.000000 1.000000
2372.488525 0.000000 2347.411865 0.000000 0.986801 0.000000 0.161938 1.000000 1.000000 1.000000
4527.119141 0.000000 697.533203 0.000000 0.018371 0.000000 0.999831 1.308170 1.308170 1.308170
4515.095215 0.000000 705.138123 0.000000 0.935365 0.000000 0.353684 1.269849 1.269849 1.269849
"}
object={
	name="rockformation_sandstone_01"
	clamp_to_water_level=no
	render_under_water=yes
	generated_content=no
	layer="massive_environment"
	pdxmesh="rockformation_sandstone_01_mesh"
	count=7
	transform="4033.759033 0.000000 2426.176025 0.000000 -0.999879 0.000000 -0.015599 1.000000 1.000000 1.000000
6700.403320 0.000000 2689.554199 0.000000 0.999474 0.000000 0.032417 0.832935 0.832935 0.832935
6679.413086 0.000000 2729.707520 0.000000 0.328905 0.000000 0.944363 1.000000 1.000000 1.000000
1489.985229 0.000000 2339.324219 0.000000 0.881844 0.000000 0.471542 1.000000 1.000000 1.000000
4902.376465 0.000000 2470.857178 0.000000 0.680432 0.000000 0.732811 0.759912 0.759912 0.759912
5608.503906 0.000000 2508.980469 0.000000 0.000000 0.000000 1.000000 1.686621 1.686621 1.686621
5498.317383 0.000000 2376.178955 0.000000 -0.885989 0.000000 0.463706 1.229395 1.229395 1.229395
"}
object={
	name="rockformation_sandstone_03"
	clamp_to_water_level=no
	render_under_water=yes
	generated_content=no
	layer="massive_environment"
	pdxmesh="rockformation_sandstone_03_mesh"
	count=27
	transform="4044.351074 0.000000 2458.241699 0.000000 -0.840383 0.000000 -0.541993 1.263236 1.263236 1.263236
4040.485840 0.000000 2457.053467 0.000000 -0.932200 0.000000 -0.361945 1.582861 1.582861 1.582861
4034.674316 0.000000 2461.047607 0.000000 0.158491 0.000000 0.987361 1.000000 1.000000 1.000000
6539.364258 0.000000 2795.659180 0.000000 0.568028 0.000000 0.823009 1.000000 1.000000 1.000000
6638.226562 0.000000 2713.319336 0.000000 0.959842 0.000000 0.280543 1.579219 1.579219 1.579219
6639.200195 0.000000 2711.716797 0.000000 -0.983537 0.000000 -0.180709 1.152246 1.152246 1.152246
6663.108887 0.000000 2657.005371 0.000000 0.432510 0.000000 -0.901630 1.218921 1.218921 1.218921
6684.088867 0.000000 2656.506104 0.000000 -0.915370 0.000000 -0.402615 1.218921 1.218921 1.218921
6699.020996 0.000000 2689.280029 0.000000 0.799757 0.000000 -0.600324 1.523283 1.523283 1.523283
6711.678223 0.000000 2689.624512 0.000000 -0.884793 0.000000 -0.465984 1.486314 1.486314 1.486314
6692.324707 0.000000 2660.452881 0.000000 -0.005799 0.000000 0.999983 1.492913 1.492913 1.492913
6748.009766 0.000000 2682.756104 0.000000 0.637010 0.000000 0.770856 1.815772 1.815772 1.815772
6609.676270 0.000000 2657.136963 0.000000 -0.626473 0.000000 0.779443 1.496411 1.496411 1.496411
6630.214844 0.000000 2654.350586 0.000000 0.933380 0.000000 0.358891 1.496411 1.496411 1.496411
6637.974121 0.000000 2664.755859 0.000000 -0.583009 0.000000 -0.812466 1.000000 1.000000 1.000000
6608.644531 0.000000 2696.188232 0.000000 -0.697681 0.000000 0.716408 1.000000 1.000000 1.000000
6635.296875 0.000000 2697.909668 0.000000 -0.546557 0.000000 0.837422 1.000000 1.000000 1.000000
6667.157227 0.000000 2716.018311 0.000000 0.902373 0.000000 0.430956 1.000000 1.000000 1.000000
6677.588867 0.000000 2730.859375 0.000000 -0.839880 0.000000 -0.542772 1.533838 1.533838 1.533838
6617.606934 0.000000 2726.223633 0.000000 -0.918559 0.000000 -0.395284 1.344092 1.344092 1.344092
6603.578125 0.000000 2646.954102 0.000000 0.012704 0.000000 -0.999919 1.169526 1.169526 1.169526
6530.330566 0.000000 2634.490234 0.000000 0.000000 0.000000 1.000000 1.461963 1.461963 1.461963
6515.390137 0.000000 2635.289062 0.000000 0.453280 0.000000 0.891368 1.343164 1.343164 1.343164
5390.480957 0.000000 2630.151855 0.000000 0.972019 0.000000 0.234901 1.708154 1.708154 1.708154
4843.291016 0.000000 2450.647461 0.000000 -0.979624 0.000000 -0.200839 1.587500 1.587500 1.587500
4793.861816 0.000000 2487.529785 0.000000 0.940591 0.000000 0.339543 1.000000 1.000000 1.000000
4848.211426 0.000000 2472.496338 0.000000 -0.819234 0.000000 -0.573459 1.453711 1.453711 1.453711
"}
object={
	name="rockformation_sandstone_06"
	clamp_to_water_level=no
	render_under_water=yes
	generated_content=no
	layer="massive_environment"
	pdxmesh="rockformation_sandstone_06_mesh"
	count=7
	transform="6696.308105 0.000000 2709.814209 0.000000 -0.974088 0.000000 0.226171 1.000000 1.000000 1.000000
6660.897949 0.000000 2733.673096 0.000000 -0.996716 0.000000 -0.080970 1.000000 1.000000 1.000000
6611.925781 0.000000 2656.777832 0.000000 0.064844 0.000000 -0.997895 1.000000 1.000000 1.000000
1514.928345 0.000000 2351.370361 0.000000 0.965465 0.000000 0.260535 1.242676 1.242676 1.242676
4772.582520 0.000000 2441.048828 0.000000 -0.938078 0.000000 0.346423 1.000000 1.000000 1.000000
5332.754395 0.000000 2442.460449 0.000000 -0.999265 0.000000 -0.038343 1.828564 1.828564 1.828564
1564.708130 0.000000 2371.341553 0.000000 -0.999515 0.000000 0.031134 1.475659 1.475659 1.475659
"}
object={
	name="rubber_lodge_01"
	clamp_to_water_level=yes
	render_under_water=no
	generated_content=no
	layer="farms_dynamic"
	pdxmesh="rubber_lodge_01_mesh"
	count=1
	transform="5542.467285 0.000000 2891.180420 0.000000 0.979759 0.000000 -0.200181 1.000000 1.000000 1.000000
"}
object={
	name="seagull_01"
	clamp_to_water_level=yes
	render_under_water=no
	generated_content=no
	layer="environmental_effects"
	entity="seagull_port_entity"
	count=108
	transform="4043.655273 0.000000 2939.275635 0.000000 -0.999044 0.000000 -0.043722 0.220085 0.220085 0.220085
4341.577148 0.000000 3047.232422 0.000000 -0.760851 0.000000 0.648926 0.510752 0.510752 0.510752
4362.183594 0.000000 3002.870117 0.000000 0.317816 0.000000 0.948152 0.499694 0.499694 0.499694
562.552673 0.000000 1958.281860 0.000000 -0.513653 0.000000 0.857998 0.281170 0.281170 0.281170
3988.075928 0.000000 2903.693115 0.000000 0.000000 0.000000 1.000000 0.220085 0.220085 0.220085
3983.443359 0.482422 2900.760498 0.000000 0.000000 0.000000 1.000000 0.220085 0.220085 0.220085
4010.726807 0.000000 2764.802490 0.000000 0.000000 0.000000 1.000000 0.215819 0.215819 0.215819
4090.318359 0.644775 2782.257324 0.000000 0.000000 0.000000 1.000000 0.433891 0.433891 0.433891
4495.897461 0.000000 3037.902344 0.000000 0.000000 0.000000 1.000000 0.654468 0.654468 0.654468
4514.384277 0.000000 3051.909180 0.000000 0.000000 0.000000 1.000000 0.654468 0.654468 0.654468
4494.424805 0.000000 3147.730713 0.000000 0.000000 0.000000 1.000000 0.565698 0.565698 0.565698
7278.378906 0.000000 2348.249756 0.000000 0.000000 0.000000 1.000000 1.000000 1.000000 1.000000
7220.271973 0.000000 2335.229492 0.000000 0.000000 0.000000 1.000000 1.000000 1.000000 1.000000
7078.127441 0.000000 2322.102539 0.000000 0.000000 0.000000 1.000000 1.000000 1.000000 1.000000
7295.694824 0.000000 2566.297119 0.000000 0.000000 0.000000 1.000000 1.000000 1.000000 1.000000
4859.118652 0.000000 2606.429199 0.000000 0.000000 0.000000 1.000000 1.000000 1.000000 1.000000
4649.793945 0.000000 3015.614258 0.000000 0.000000 0.000000 1.000000 1.000000 1.000000 1.000000
4807.889160 0.000000 3076.005615 0.000000 0.000000 0.000000 1.000000 1.000000 1.000000 1.000000
4681.927246 0.000000 3062.674805 0.000000 0.000000 0.000000 1.000000 1.000000 1.000000 1.000000
4990.169434 0.000000 2675.339844 0.000000 0.000000 0.000000 1.000000 1.000000 1.000000 1.000000
4794.185547 0.000000 2645.647949 0.000000 0.000000 0.000000 1.000000 1.000000 1.000000 1.000000
4589.625977 0.000000 2994.345215 0.000000 0.000000 0.000000 1.000000 1.000000 1.000000 1.000000
5490.556152 0.000000 3441.847656 0.000000 0.000000 0.000000 1.000000 1.000000 1.000000 1.000000
5192.397461 0.000000 2643.532227 0.000000 0.000000 0.000000 1.000000 1.000000 1.000000 1.000000
6689.864258 0.000000 2024.467163 0.000000 0.000000 0.000000 1.000000 1.000000 1.000000 1.000000
6601.087402 0.000000 1978.812256 0.000000 0.000000 0.000000 1.000000 1.000000 1.000000 1.000000
6859.128906 0.000000 2043.496582 0.000000 0.000000 0.000000 1.000000 1.000000 1.000000 1.000000
6874.694824 0.000000 2254.539551 0.000000 0.000000 0.000000 1.000000 1.000000 1.000000 1.000000
6858.779785 0.000000 2385.775146 0.000000 0.000000 0.000000 1.000000 1.000000 1.000000 1.000000
5380.528809 0.000000 2146.726807 0.000000 0.000000 0.000000 1.000000 0.759229 0.759229 0.759229
5521.059082 0.000000 2099.412842 0.000000 0.000000 0.000000 1.000000 0.841528 0.841528 0.841528
4803.215820 0.000000 2392.612305 0.000000 0.056062 0.000000 0.998427 0.696826 0.696826 0.696826
4453.687500 0.000000 2577.854492 0.000000 0.000000 0.000000 1.000000 1.000000 1.000000 1.000000
6467.133789 0.000000 1747.505371 0.000000 0.000000 0.000000 1.000000 1.000000 1.000000 1.000000
6520.072754 0.000000 1931.892456 0.000000 0.000000 0.000000 1.000000 1.000000 1.000000 1.000000
6319.570312 0.000000 1879.484619 0.000000 0.000000 0.000000 1.000000 1.000000 1.000000 1.000000
6213.816895 0.000000 1971.104858 0.000000 0.000000 0.000000 1.000000 1.000000 1.000000 1.000000
6253.536133 0.000000 1876.640869 0.000000 0.000000 0.000000 1.000000 1.000000 1.000000 1.000000
6337.560547 0.000000 1769.252686 0.000000 0.000000 0.000000 1.000000 1.000000 1.000000 1.000000
2351.328613 0.000000 2444.054932 0.000000 0.000000 0.000000 1.000000 1.000000 1.000000 1.000000
2385.282959 0.000000 2435.420898 0.000000 0.000000 0.000000 1.000000 1.000000 1.000000 1.000000
2407.070557 0.000000 2489.244629 0.000000 0.000000 0.000000 1.000000 1.000000 1.000000 1.000000
2490.704590 0.000000 2525.909424 0.000000 0.000000 0.000000 1.000000 1.000000 1.000000 1.000000
2521.299561 0.000000 2584.786377 0.000000 0.000000 0.000000 1.000000 1.000000 1.000000 1.000000
2631.851318 0.000000 2598.547119 0.000000 0.000000 0.000000 1.000000 1.000000 1.000000 1.000000
2894.905762 0.000000 2683.214111 0.000000 0.000000 0.000000 1.000000 1.000000 1.000000 1.000000
2482.892822 0.000000 2669.363037 0.000000 0.000000 0.000000 1.000000 1.000000 1.000000 1.000000
1301.529663 0.000000 2418.973145 0.000000 0.000000 0.000000 1.000000 1.000000 1.000000 1.000000
1292.974854 0.000000 2698.489746 0.000000 0.000000 0.000000 1.000000 1.000000 1.000000 1.000000
1573.514893 0.000000 2164.145752 0.000000 0.000000 0.000000 1.000000 1.000000 1.000000 1.000000
1453.871826 0.000000 2227.011963 0.000000 0.000000 0.000000 1.000000 1.000000 1.000000 1.000000
1865.357056 0.000000 2027.901733 0.000000 0.000000 0.000000 1.000000 1.000000 1.000000 1.000000
1904.770752 0.000000 1952.570435 0.000000 0.000000 0.000000 1.000000 1.000000 1.000000 1.000000
2013.430298 0.000000 1939.329590 0.000000 0.000000 0.000000 1.000000 1.000000 1.000000 1.000000
2084.162109 0.000000 1897.363403 0.000000 0.000000 0.000000 1.000000 1.000000 1.000000 1.000000
2087.777588 0.000000 1873.684570 0.000000 0.000000 0.000000 1.000000 1.000000 1.000000 1.000000
2126.652100 0.000000 1779.615479 0.000000 0.000000 0.000000 1.000000 1.000000 1.000000 1.000000
2049.245605 0.000000 1823.652832 0.000000 0.000000 0.000000 1.000000 1.000000 1.000000 1.000000
1946.696289 0.000000 1883.591919 0.000000 0.000000 0.000000 1.000000 1.000000 1.000000 1.000000
2405.694580 0.000000 1767.430908 0.000000 0.000000 0.000000 1.000000 1.000000 1.000000 1.000000
2462.202637 0.000000 1758.493286 0.000000 0.000000 0.000000 1.000000 1.000000 1.000000 1.000000
2625.831299 0.000000 1744.798706 0.000000 0.000000 0.000000 1.000000 1.000000 1.000000 1.000000
2336.577393 0.000000 1598.637939 0.000000 0.000000 0.000000 1.000000 1.000000 1.000000 1.000000
2291.207764 0.000000 1536.119385 0.000000 0.000000 0.000000 1.000000 1.000000 1.000000 1.000000
2278.170654 0.000000 1353.420044 0.000000 0.000000 0.000000 1.000000 1.000000 1.000000 1.000000
1928.829346 0.000000 2196.553711 0.000000 0.000000 0.000000 1.000000 1.000000 1.000000 1.000000
2039.947510 0.000000 2205.603271 0.000000 0.000000 0.000000 1.000000 1.000000 1.000000 1.000000
2093.212891 0.000000 2228.767822 0.000000 0.000000 0.000000 1.000000 1.000000 1.000000 1.000000
2218.053955 0.000000 2162.758301 0.000000 0.000000 0.000000 1.000000 1.000000 1.000000 1.000000
2248.689941 0.000000 2262.825439 0.000000 0.000000 0.000000 1.000000 1.000000 1.000000 1.000000
2274.694580 0.000000 2284.666260 0.000000 0.000000 0.000000 1.000000 1.000000 1.000000 1.000000
2320.848389 0.000000 2322.060059 0.000000 0.000000 0.000000 1.000000 1.000000 1.000000 1.000000
2359.170898 0.000000 2393.114258 0.000000 0.000000 0.000000 1.000000 1.000000 1.000000 1.000000
2351.389893 0.000000 2436.498535 0.000000 0.000000 0.000000 1.000000 1.000000 1.000000 1.000000
2458.779053 0.000000 2513.382812 0.000000 0.000000 0.000000 1.000000 1.000000 1.000000 1.000000
2369.075684 0.000000 1972.252197 0.000000 0.000000 0.000000 1.000000 1.000000 1.000000 1.000000
2502.495605 0.000000 1937.682373 0.000000 0.000000 0.000000 1.000000 1.000000 1.000000 1.000000
2589.416260 0.000000 1935.974487 0.000000 0.000000 0.000000 1.000000 1.000000 1.000000 1.000000
2706.373779 0.000000 1831.686279 0.000000 0.000000 0.000000 1.000000 1.000000 1.000000 1.000000
2653.436523 0.000000 1754.342163 0.000000 0.000000 0.000000 1.000000 1.000000 1.000000 1.000000
1273.109009 0.000000 2641.026367 0.000000 0.000000 0.000000 1.000000 1.000000 1.000000 1.000000
5698.274902 0.000000 3306.984619 0.000000 0.000000 0.000000 1.000000 1.000000 1.000000 1.000000
5624.266602 0.000000 3421.761475 0.000000 0.000000 0.000000 1.000000 1.000000 1.000000 1.000000
5986.216797 0.000000 3454.197510 0.000000 0.000000 0.000000 1.000000 1.000000 1.000000 1.000000
5761.313965 0.000000 3503.975586 0.000000 0.000000 0.000000 1.000000 1.000000 1.000000 1.000000
5789.525879 0.000000 3379.191162 0.000000 0.000000 0.000000 1.000000 1.000000 1.000000 1.000000
7460.375488 0.000000 464.235077 0.000000 0.000000 0.000000 1.000000 1.000000 1.000000 1.000000
7458.721680 0.000000 530.575012 0.000000 0.000000 0.000000 1.000000 1.000000 1.000000 1.000000
7402.761230 0.000000 487.795044 0.000000 0.000000 0.000000 1.000000 1.000000 1.000000 1.000000
7634.571777 0.000000 2762.743164 0.000000 0.000000 0.000000 1.000000 1.000000 1.000000 1.000000
7814.850586 0.000000 2962.392578 0.000000 0.000000 0.000000 1.000000 1.000000 1.000000 1.000000
7844.486328 0.000000 3038.001953 0.000000 0.000000 0.000000 1.000000 1.000000 1.000000 1.000000
8042.462891 0.000000 519.801331 0.000000 0.000000 0.000000 1.000000 1.000000 1.000000 1.000000
8084.078125 0.000000 643.204773 0.000000 0.000000 0.000000 1.000000 1.000000 1.000000 1.000000
7924.634277 0.000000 367.409729 0.000000 0.000000 0.000000 1.000000 1.000000 1.000000 1.000000
8040.310059 0.000000 447.062958 0.000000 0.000000 0.000000 1.000000 1.000000 1.000000 1.000000
8133.954590 0.000000 567.859314 0.000000 0.000000 0.000000 1.000000 1.000000 1.000000 1.000000
8160.647949 0.000000 554.464539 0.000000 0.000000 0.000000 1.000000 1.000000 1.000000 1.000000
5193.395508 -1.470825 1178.915894 0.000000 0.000000 0.000000 1.000000 1.000000 1.000000 1.000000
5228.619629 0.000000 1186.078857 0.000000 0.000000 0.000000 1.000000 1.000000 1.000000 1.000000
5213.487793 -2.739258 1206.324585 0.000000 0.000000 0.000000 1.000000 1.000000 1.000000 1.000000
2414.404785 0.000000 2490.093018 0.000000 0.000000 0.000000 1.000000 1.000000 1.000000 1.000000
2299.880859 0.000000 2551.992188 0.000000 0.000000 0.000000 1.000000 1.000000 1.000000 1.000000
3608.014160 0.000000 3211.617188 0.000000 0.000000 0.000000 1.000000 1.000000 1.000000 1.000000
3590.203613 0.000000 3234.742432 0.000000 0.000000 0.000000 1.000000 1.000000 1.000000 1.000000
3556.628662 0.000000 3288.365234 0.000000 0.000000 0.000000 1.000000 1.000000 1.000000 1.000000
3759.459961 0.000000 3286.738770 0.000000 0.000000 0.000000 1.000000 1.000000 1.000000 1.000000
3636.597900 0.000000 3290.278564 0.000000 0.000000 0.000000 1.000000 1.000000 1.000000 1.000000
"}
object={
	name="smoke_chimney_01"
	clamp_to_water_level=yes
	render_under_water=no
	generated_content=no
	layer="static"
	entity="smoke_chimney_01"
	count=2
	transform="550.430298 0.155640 1961.600220 0.000000 0.389827 0.000000 0.920888 4.111941 4.111941 4.111941
7747.931641 0.000000 2942.265137 0.000000 0.000000 0.000000 1.000000 1.000000 1.000000 1.000000
"}
object={
	name="whale_01"
	clamp_to_water_level=yes
	render_under_water=yes
	generated_content=no
	layer="static"
	entity="whale_entity"
	count=16
	transform="3979.297363 0.018311 3135.673828 0.000000 0.000000 0.000000 1.000000 0.296727 0.296727 0.296727
4189.348145 0.018311 3070.423340 0.000000 0.000000 0.000000 1.000000 0.296727 0.296727 0.296727
4164.397949 0.018311 2834.248291 0.000000 -0.229495 0.000000 -0.973310 0.296727 0.296727 0.296727
4055.109375 0.018311 3036.093506 0.000000 0.000000 0.000000 1.000000 0.296727 0.296727 0.296727
7273.336914 0.000000 2266.198975 0.000000 0.562505 0.000000 0.826794 1.000000 1.000000 1.000000
7136.344727 0.000000 2457.741943 0.000000 0.144331 0.000000 0.989530 1.000000 1.000000 1.000000
2038.311035 0.000000 1454.573608 0.000000 0.000000 0.000000 1.000000 1.000000 1.000000 1.000000
1575.232422 0.000000 1883.017090 0.000000 0.000000 0.000000 1.000000 1.000000 1.000000 1.000000
1225.037842 0.000000 2307.418945 0.000000 0.515020 0.000000 0.857178 1.000000 1.000000 1.000000
5541.895020 0.000000 3504.250977 0.000000 0.000000 0.000000 1.000000 1.000000 1.000000 1.000000
5134.594238 0.000000 3450.401855 0.000000 0.000000 0.000000 1.000000 1.000000 1.000000 1.000000
3253.564697 0.000000 3195.869141 0.000000 0.000000 0.000000 1.000000 1.000000 1.000000 1.000000
3472.716064 0.000000 3304.196045 0.000000 0.000000 0.000000 1.000000 1.000000 1.000000 1.000000
3730.151855 0.000000 3373.694336 0.000000 0.000000 0.000000 1.000000 1.000000 1.000000 1.000000
3810.135254 0.000000 3176.639893 0.000000 0.573956 0.000000 0.818886 1.000000 1.000000 1.000000
3620.354980 0.000000 3135.622803 0.000000 0.076555 0.000000 0.997065 1.000000 1.000000 1.000000
"}
object={
	name="whale_white_01"
	clamp_to_water_level=yes
	render_under_water=yes
	generated_content=no
	layer="static"
	entity="whale_white_entity"
	count=1
	transform="3853.741455 0.000000 3195.429199 0.000000 0.000000 0.000000 1.000000 0.224538 0.224538 0.224538
"}
